1687790595561 1.2471585273742676 1
1687790596101 0.8768787384033203 2
1687790599580 0.824461817741394 3
1687790600207 0.7738990187644958 4
1687790602779 0.7553915977478027 5
1687790603230 0.7313165068626404 6
1687790604187 0.7324955463409424 7
1687790604722 0.7391598224639893 8
1687790606095 0.7110621333122253 9
1687790606633 0.7084588408470154 10
1687790607512 0.7146331071853638 11
1687790607965 0.6874679923057556 12
1687790608838 0.7018678188323975 13
1687790609348 0.6972301602363586 14
1687790610189 0.671058714389801 15
1687790610660 0.6958152055740356 16
1687790611654 0.6657899618148804 17
1687790612087 0.6888422966003418 18
1687790612878 0.6375059485435486 19
1687790613446 0.6308472156524658 20
1687790614725 0.6249804496765137 21
1687790615333 0.6203559637069702 22
1687790616358 0.6031356453895569 23
1687790616941 0.5848879218101501 24
1687790619556 0.6237272024154663 25
1687790620035 0.5949925184249878 26
1687790623236 0.5623298287391663 27
1687790623747 0.5526722073554993 28
1687790626816 0.5358459949493408 29
1687790627287 0.5252701044082642 30
1687790629826 0.5498183369636536 31
1687790630297 0.4948635697364807 32
1687790632835 0.5004854202270508 33
1687790633307 0.47343122959136963 34
1687790635838 0.4369778633117676 35
1687790636301 0.4535098075866699 36
1687790638356 0.43978017568588257 37
1687790638807 0.40321415662765503 38
1687790641274 0.40798723697662354 39
1687790641706 0.400272935628891 40
1687790644249 0.390581876039505 41
1687790644737 0.3833909034729004 42
1687790647277 0.3779239356517792 43
1687790647766 0.3812969923019409 44
