1687790595705 0.0001 1
1687790596229 0.0001 2
1687790599802 0.0001 3
1687790600429 0.0001 4
1687790602909 0.0001 5
1687790603368 0.0001 6
1687790604366 0.0001 7
1687790604927 0.0001 8
1687790606270 0.0001 9
1687790606789 0.0001 10
1687790607651 0.0001 11
1687790608097 0.0001 12
1687790609008 0.0001 13
1687790609476 0.0001 14
1687790610322 0.0001 15
1687790610795 0.0001 16
1687790611798 0.0001 17
1687790612218 0.0001 18
1687790613069 0.0001 19
1687790613861 0.0001 20
1687790614908 0.0001 21
1687790615543 0.0001 22
1687790616617 0.0001 23
1687790617068 0.0001 24
1687790619661 0.0001 25
1687790620183 0.0001 26
1687790623376 0.0001 27
1687790623888 0.0001 28
1687790626945 0.0001 29
1687790627446 0.0001 30
1687790629971 0.0001 31
1687790630468 0.0001 32
1687790632992 0.0001 33
1687790633446 0.0001 34
1687790635957 0.0001 35
1687790636415 0.0001 36
1687790638517 0.0001 37
1687790638928 0.0001 38
1687790641408 0.0001 39
1687790641833 0.0001 40
1687790644407 0.0001 41
1687790644923 0.0001 42
1687790647411 0.0001 43
1687790647889 0.0001 44
