1687790597173 0.03698858246207237 1
1687790600576 0.0 2
1687790603502 0.0 3
1687790605078 0.0 4
1687790606950 0.0 5
1687790608255 0.0 6
1687790609634 0.0 7
1687790610967 0.0 8
1687790612335 0.0 9
1687790614041 0.0 10
1687790615654 0.036045875400304794 11
1687790617212 0.4275563359260559 12
1687790620448 0.4007963240146637 13
1687790624069 0.6323283910751343 14
1687790627590 0.636811375617981 15
1687790630631 0.6623203754425049 16
1687790633569 0.747650146484375 17
1687790636521 0.810111403465271 18
1687790639105 0.8174810409545898 19
1687790641999 0.8265339136123657 20
1687790645070 0.8330410718917847 21
1687790648010 0.8190737962722778 22
