1687792770483 0.4218973219394684 1
1687792771043 0.5926476716995239 2
1687792775476 0.4417903423309326 3
1687792775983 0.4201969802379608 4
1687792780243 0.39587661623954773 5
1687792781020 0.4377892315387726 6
1687792783966 0.4322388172149658 7
1687792785055 0.48254507780075073 8
1687792786141 0.42077338695526123 9
1687792786800 0.40144190192222595 10
1687792792418 0.3984065353870392 11
1687792793239 0.3659832179546356 12
1687792796495 0.3988422453403473 13
1687792797013 0.38243600726127625 14
1687792799804 0.39032578468322754 15
1687792800488 0.38976389169692993 16
1687792801536 0.36777299642562866 17
1687792802016 0.40891438722610474 18
1687792803156 0.3721727728843689 19
1687792803779 0.34192901849746704 20
1687792806310 0.3587607145309448 21
1687792806798 0.3499389886856079 22
1687792810202 0.32919883728027344 23
1687792811094 0.3185891807079315 24
1687792814522 0.32507553696632385 25
1687792815140 0.3305019438266754 26
1687792817005 0.35320723056793213 27
1687792817644 0.3746575117111206 28
1687792819082 0.4155813753604889 29
1687792820192 0.32595399022102356 30
1687792821649 0.36190518736839294 31
1687792823307 0.3263550400733948 32
1687792824444 0.3093029856681824 33
1687792825180 0.2980937361717224 34
1687792827779 0.32184383273124695 35
1687792828369 0.30829310417175293 36
1687792831207 0.30790215730667114 37
1687792831707 0.3028548061847687 38
1687792832792 0.3090965747833252 39
1687792833408 0.2941376566886902 40
1687792834659 0.31096577644348145 41
1687792835222 0.38875851035118103 42
1687792836328 0.28677594661712646 43
1687792836829 0.31322556734085083 44
1687792838018 0.2895266115665436 45
1687792838589 0.30893465876579285 46
1687792839640 0.28153011202812195 47
1687792840389 0.2917555570602417 48
1687792841445 0.308300644159317 49
1687792842058 0.2757788598537445 50
1687792844848 0.3677229881286621 51
1687792845457 0.289999395608902 52
1687792847772 0.2801668345928192 53
1687792848296 0.2907249927520752 54
1687792849206 0.31026265025138855 55
1687792849836 0.2932475507259369 56
1687792851013 0.30268433690071106 57
1687792851525 0.27488985657691956 58
1687792853623 0.2730644941329956 59
1687792854462 0.28132376074790955 60
1687792857699 0.2774183452129364 61
1687792858219 0.2674199342727661 62
1687792861731 0.28221049904823303 63
1687792862264 0.2837403118610382 64
1687792864887 0.3027801811695099 65
1687792865564 0.28183114528656006 66
1687792866488 0.26677238941192627 67
1687792866998 0.2797951102256775 68
1687792869936 0.2705194652080536 69
1687792870449 0.2687251567840576 70
1687792872717 0.25596529245376587 71
1687792873234 0.3117241859436035 72
1687792874217 0.2998224198818207 73
1687792874787 0.2644643783569336 74
1687792875881 0.2616015374660492 75
1687792876399 0.25319257378578186 76
1687792879199 0.2641729414463043 77
1687792879707 0.2771954834461212 78
1687792882351 0.25922858715057373 79
1687792882817 0.26465079188346863 80
1687792884286 0.2594723701477051 81
1687792884787 0.25331780314445496 82
1687792885677 0.25223153829574585 83
1687792886384 0.26040637493133545 84
1687792887282 0.2604205012321472 85
1687792887771 0.2433958649635315 86
1687792888620 0.25273633003234863 87
1687792889376 0.25565841794013977 88
1687792890339 0.4116765260696411 89
1687792890838 0.25538069009780884 90
1687792891685 0.26406967639923096 91
1687792892130 0.2585344612598419 92
1687792892916 0.26357266306877136 93
1687792893349 0.24757051467895508 94
1687792894228 0.24476881325244904 95
1687792894697 0.2553866505622864 96
1687792895523 0.25300097465515137 97
1687792896062 0.2488885521888733 98
1687792897041 0.2528298497200012 99
1687792897494 0.2508508265018463 100
