1687792770653 0.0001 1
1687792771198 0.0001 2
1687792775636 0.0001 3
1687792776171 0.0001 4
1687792780409 0.0001 5
1687792781299 0.0001 6
1687792784325 0.0001 7
1687792785243 0.0001 8
1687792786389 0.0001 9
1687792786953 0.0001 10
1687792792769 0.0001 11
1687792793470 0.0001 12
1687792796665 0.0001 13
1687792797163 0.0001 14
1687792800069 0.0001 15
1687792800655 0.0001 16
1687792801686 0.0001 17
1687792802199 0.0001 18
1687792803331 0.0001 19
1687792803930 0.0001 20
1687792806468 0.0001 21
1687792806995 0.0001 22
1687792810433 0.0001 23
1687792811373 0.0001 24
1687792814702 0.0001 25
1687792815295 0.0001 26
1687792817235 0.0001 27
1687792817805 0.0001 28
1687792819327 0.0001 29
1687792820414 0.0001 30
1687792822521 0.0001 31
1687792823516 0.0001 32
1687792824771 0.0001 33
1687792825354 0.0001 34
1687792827962 0.0001 35
1687792828506 0.0001 36
1687792831389 0.0001 37
1687792831875 0.0001 38
1687792832978 0.0001 39
1687792833619 0.0001 40
1687792834849 0.0001 41
1687792835417 0.0001 42
1687792836483 0.0001 43
1687792837023 0.0001 44
1687792838179 0.0001 45
1687792838793 0.0001 46
1687792839888 0.0001 47
1687792840581 0.0001 48
1687792841609 0.0001 49
1687792842204 0.0001 50
1687792845069 0.0001 51
1687792845593 0.0001 52
1687792847934 0.0001 53
1687792848437 0.0001 54
1687792849367 0.0001 55
1687792850047 0.0001 56
1687792851156 0.0001 57
1687792851684 0.0001 58
1687792853842 0.0001 59
1687792854713 0.0001 60
1687792857864 0.0001 61
1687792858382 0.0001 62
1687792861864 0.0001 63
1687792862410 0.0001 64
1687792865145 0.0001 65
1687792865686 0.0001 66
1687792866656 0.0001 67
1687792867157 0.0001 68
1687792870098 0.0001 69
1687792870592 0.0001 70
1687792872856 0.0001 71
1687792873368 0.0001 72
1687792874416 0.0001 73
1687792874931 0.0001 74
1687792876037 0.0001 75
1687792876559 0.0001 76
1687792879339 0.0001 77
1687792879842 0.0001 78
1687792882484 0.0001 79
1687792883017 0.0001 80
1687792884426 0.0001 81
1687792884928 0.0001 82
1687792885930 0.0001 83
1687792886537 0.0001 84
1687792887444 0.0001 85
1687792887919 0.0001 86
1687792888851 0.0001 87
1687792889587 0.0001 88
1687792890486 0.0001 89
1687792890974 0.0001 90
1687792891829 0.0001 91
1687792892267 0.0001 92
1687792893048 0.0001 93
1687792893459 0.0001 94
1687792894369 0.0001 95
1687792894819 0.0001 96
1687792895658 0.0001 97
1687792896267 0.0001 98
1687792897159 0.0001 99
1687792897643 0.0001 100
