1687792772533 0.4076228141784668 1
1687792776424 0.7702680826187134 2
1687792781508 0.7538822889328003 3
1687792785400 0.631773054599762 4
1687792787216 0.7991468906402588 5
1687792793685 0.850650429725647 6
1687792797338 0.8386070728302002 7
1687792800856 0.8075566291809082 8
1687792802440 0.8296195268630981 9
1687792804075 0.8735066652297974 10
1687792807189 0.8528345823287964 11
1687792811633 0.8926375508308411 12
1687792815427 0.8773399591445923 13
1687792818010 0.7938227653503418 14
1687792820619 0.784949541091919 15
1687792823737 0.8545883297920227 16
1687792825557 0.9354528188705444 17
1687792828688 0.9105338454246521 18
1687792832028 0.9125884771347046 19
1687792833804 0.9344401359558105 20
1687792835600 0.8264379501342773 21
1687792837193 0.9094089269638062 22
1687792838983 0.9102708101272583 23
1687792840753 0.930770993232727 24
1687792842384 0.9416884183883667 25
1687792845748 0.8765310049057007 26
1687792848592 0.9247019290924072 27
1687792850318 0.8768051862716675 28
1687792852037 0.9353641271591187 29
1687792855046 0.9418408870697021 30
1687792858553 0.9439599514007568 31
1687792862583 0.9076263308525085 32
1687792865832 0.9261490702629089 33
1687792867302 0.9487184286117554 34
1687792870733 0.9439440965652466 35
1687792873510 0.9382025003433228 36
1687792875155 0.9258335828781128 37
1687792876756 0.9597548246383667 38
1687792879998 0.9308820366859436 39
1687792883192 0.9515342116355896 40
1687792885082 0.9496616125106812 41
1687792886699 0.9407305121421814 42
1687792888049 0.9473086595535278 43
1687792889736 0.9557273387908936 44
1687792891089 0.7961339950561523 45
1687792892378 0.9302796125411987 46
1687792893585 0.9387749433517456 47
1687792894950 0.9561530947685242 48
1687792896404 0.9301257133483887 49
1687792897757 0.9280101656913757 50
